20
722629 811121
309898 981209
469288 -908375
463488 630556
-469294 527913
-315596 257577
-670910 456732
318208 507011
594356 655481
-586597 906774
-657912 601000
-78060 19392
-692968 -327334
83715 60315
-896386 50637
629552 -174331
512565 155765
-949401 607212
-216975 850764
709742 344110
504507 -720909
805371 75922
606002 184964
-817897 951208
-235086 -940479
-61110 -969314
-314499 -679347
-906990 -843499
-493165 518041
870968 -650125
899855 118535
-384101 755058
703548 -838078
-476596 7332
451301 979632
80119 364661
-860721 275995
-497180 -764451
562050 -595529
594828 163782
